000001 167 0 1;
000011 51 0 1;
000100 135 0 1;
000101 71 0 1;
001100 25 0 1;
001101 6 0 1;
001110 3 0 1;
001111 17 0 1;
010000 181 0 1;
010001 14 0 1;
010100 69 0 1;
010101 33 0 1;
110000 29 0 1;
110001 2 0 1;
110010 2 0 1;
110011 5 0 1;
110100 5 0 1;
110101 3 0 1;
111000 2 0 1;
111010 4 0 1;
111100 12 0 1;
111101 2 0 1;
111110 4 0 1;
111111 7 0 1;
000001 159 1 0;
000011 31 1 0;
000100 137 1 0;
000101 42 1 0;
001100 25 1 0;
001101 7 1 0;
001110 4 1 0;
001111 7 1 0;
010000 162 1 0;
010001 12 1 0;
010100 25 1 0;
010101 8 1 0;
110000 19 1 0;
110010 2 1 0;
110011 2 1 0;
110100 2 1 0;
110101 1 1 0;
111000 1 1 0;
111100 5 1 0;
111101 1 1 0;
111110 2 1 0;
111111 1 1 0;
